173.8598
27.7154
28.4084
27.1742
27.3212
27.351
28.3365
27.8423
27.5924
27.4062
27.9942
27.6123
27.9099
27.4209
28.2974
28.2123
27.1421
27.5616
26.6923
27.4053
28.3251
27.1066
27.6896
26.9232
27.2992
28.0107
27.4168
26.5872
27.2546
28.6149
27.2994
27.1234
30.1513
26.7318
27.4577
27.403
27.1199
27.5491
27.9709
27.4884
27.2039
27.3023
27.2101
27.9716
27.4077
28.6605
27.3904
27.7745
28.0757
27.9134
27.3635
27.3611
26.5973
27.5385
28.2069
27.088
28.304
29.6228
27.9422
28.2387
29.558
27.6613
28.4067
29.8918
27.6781
28.0594
28.1009
28.3235
27.087
29.0958
28.5077
28.2081
28.6135
28.516
27.8852
28.5313
27.1498
28.0398
28.2495
27.3523
27.3486
27.512
29.0348
29.1426
27.2467
28.7137
27.6536
27.8305
28.4155
27.9394
29.6288
27.7986
28.0112
28.2808
28.395
28.644
29.4892
27.56
28.4438
30.1655
